0.11111 0.17111
-0.20889 0.16889
-0.30222 0.16667
-0.65778 0.16444
0.64444 0.16444
0.17111 0.16222
-0.24444 0.16000
-0.65111 0.15778
0.43556 0.15778
0.04444 0.15556
-0.58667 0.15333
0.45556 0.15333
-0.14889 0.15111
-0.61111 0.14889
0.39778 0.14889
-0.22222 0.14667
-0.70667 0.14444
0.15333 0.14444
-0.50222 0.14222
0.46444 0.14222
-0.17556 0.14000
-0.69333 0.13778
0.13778 0.13778
-0.53111 0.13556
0.40222 0.13556
-0.26000 0.13333
0.65333 0.13333
-0.12667 0.13111
-0.67778 0.12889
0.12000 0.12889
-0.56667 0.12667
0.22444 0.12667
-0.35333 0.12444
0.41778 0.12444
-0.26889 0.12222
0.60222 0.12222
-0.19556 0.12000
0.66889 0.12000
-0.12889 0.11778
-0.72444 0.11556
0.06222 0.11556
-0.55778 0.11333
0.37778 0.11333
-0.20222 0.11111
0.70000 0.11111
0.19778 0.10889
-0.35556 0.10667
0.62444 0.10667
0.06889 0.10444
-0.49111 0.10222
0.59333 0.10222
0.04444 0.10000
-0.50889 0.09778
0.49556 0.09778
0.03778 0.09556
-0.50667 0.09333
0.58667 0.09333
0.04444 0.09111
-0.50000 0.08889
0.59778 0.08889
0.06000 0.08667
-0.48000 0.08444
0.61556 0.08444
0.20222 0.08222
-0.38667 0.08000
0.64667 0.08000
0.23556 0.07778
-0.35556 0.07556
0.68000 0.07556
0.27778 0.07333
-0.31778 0.07111
0.72000 0.07111
0.38889 0.06889
-0.13333 0.06667
-0.68889 0.06444
0.44000 0.06444
-0.08667 0.06222
-0.64667 0.06000
0.49333 0.06000
0.01333 0.05778
-0.52222 0.05556
0.58889 0.05556
0.04889 0.05333
-0.49333 0.05111
0.62222 0.05111
0.23333 0.04889
-0.52889 0.04667
0.58667 0.04667
-0.01333 0.04444
-0.62222 0.04222
0.44000 0.04222
-0.14667 0.04000
-0.70667 0.03778
0.29333 0.03778
-0.38444 0.03556
0.66889 0.03556
0.21778 0.03333
-0.54667 0.03111
0.57778 0.03111
-0.00222 0.02889
-0.60889 0.02667
0.49778 0.02667
-0.09556 0.02444
-0.65556 0.02222
0.43778 0.02222
-0.12222 0.02000
-0.67778 0.01778
0.40889 0.01778
-0.32444 0.01556
-0.72000 0.01333
0.29333 0.01333
-0.38444 0.01111
0.67778 0.01111
0.22889 0.00889
-0.53556 0.00667
0.57111 0.00667
-0.01333 0.00444
-0.61556 0.00222
0.48222 0.00222
-0.14667 -0.00000
-0.70444 -0.00222
0.29111 -0.00222
-0.40222 -0.00444
0.66000 -0.00444
0.03333 -0.00667
-0.56889 -0.00889
0.52000 -0.00889
-0.00667 -0.01111
-0.53111 -0.01333
0.55778 -0.01333
0.04444 -0.01556
-0.40222 -0.01778
0.66444 -0.01778
0.27333 -0.02000
-0.32222 -0.02222
-0.70667 -0.02444
0.42222 -0.02444
-0.02667 -0.02667
-0.52000 -0.02889
0.56889 -0.02889
0.22667 -0.03111
-0.35333 -0.03333
0.72444 -0.03333
0.39556 -0.03556
-0.09556 -0.03778
-0.52444 -0.04000
0.56444 -0.04000
0.22222 -0.04222
-0.34222 -0.04444
-0.72222 -0.04667
0.40889 -0.04667
-0.01778 -0.04889
-0.49556 -0.05111
0.64889 -0.05111
0.24889 -0.05333
-0.16444 -0.05556
-0.67333 -0.05778
0.51556 -0.05778
0.03333 -0.06000
-0.37778 -0.06222
0.70889 -0.06222
0.36889 -0.06444
-0.12000 -0.06667
-0.52222 -0.06889
0.56222 -0.06889
0.19778 -0.07111
-0.32889 -0.07333
-0.71111 -0.07556
0.38222 -0.07556
-0.11333 -0.07778
-0.51556 -0.08000
0.54667 -0.08000
0.06222 -0.08222
-0.35111 -0.08444
0.70000 -0.08444
0.22000 -0.08667
-0.29111 -0.08889
-0.70667 -0.09111
0.24000 -0.09111
-0.15778 -0.09333
-0.60667 -0.09556
0.22000 -0.09556
-0.29556 -0.09778
0.69778 -0.09778
-0.11111 -0.10000
-0.60667 -0.10222
0.15778 -0.10222
-0.34667 -0.10444
0.42222 -0.10444
-0.17556 -0.10667
-0.65778 -0.10889
0.12222 -0.10889
-0.36667 -0.11111
0.41778 -0.11111
-0.16889 -0.11333
-0.63111 -0.11556
0.17333 -0.11556
-0.29778 -0.11778
0.70889 -0.11778
0.07556 -0.12000
-0.51111 -0.12222
0.43556 -0.12222
0.02667 -0.12444
-0.55333 -0.12667
0.42444 -0.12667
0.03778 -0.12889
-0.53778 -0.13111
0.67556 -0.13111
0.11333 -0.13333
-0.28667 -0.13556
-0.66222 -0.13778
0.39778 -0.13778
0.08444 -0.14000
-0.28000 -0.14222
-0.62222 -0.14444
0.71556 -0.14444
0.42444 -0.14667
0.37333 -0.14889
0.36889 -0.15111
-0.22444 -0.15778
